{
  "image_width": 1920,
  "image_height": 1200,
  "gps_position": {
    "latitude": 48.23780600,
    "longitude": 11.63746300,
    "altitude": 542.86400000
  },
  "utm_position": {
    "north": 5346095.08000000,
    "east": 695829.27000000,
    "zone": "32U"
  },
  "translation_sensor_station_base_to_sensor": {
    "x": -1.67117735,
    "y": -12.77200565,
    "z": 8.04400000
  },
  "rotation_sensor_station_base_to_sensor": {
    "roll": 1,
    "pitch": 12.7,
    "yaw": 64.28
  },
  "rotation_quaternion_sensor_station_base_to_sensor": [
    0.00825873,
    0.10488585,
    0.53087103,
    0.84089637
  ],
  "rotation_matrix_sensor_station_base_to_sensor": [
    [
      0.41434981,
      -0.89108260,
      0.18516489
    ],
    [
      0.89454749,
      0.43621548,
      0.09747225
    ],
    [
      -0.16762761,
      0.12525118,
      0.97786151
    ]
  ],
  "intrinsic_camera_matrix": [
    [
      2788.86072,
      0,
      907.839058,
      0
    ],
    [
      0,
      2783.31261,
      589.071478,
      0
    ],
    [
      0,
      0,
      1,
      0
    ]
  ],
  "optimal_intrinsic_camera_matrix": [
    [
      2720.957275390625,
      0.0,
      1019.5563410785253,
      0.0
    ],
    [
      0.0,
      2763.48876953125,
      579.4296049898549,
      0.0
    ],
    [
      0.0,
      0.0,
      1.0,
      0.0
    ]
  ],
  "calibrated_intrinsic_camera_matrix_south_driving_direction": [
    [
      2727.5368007027164,
      10.05425120800698,
      934.0239797826296,
      0.0
    ],
    [
      1.4246972574779273,
      2898.2651806128224,
      621.312897703012,
      0.0
    ],
    [
      -0.008029667889725403,
      0.029158577711955905,
      1.0035025881952018,
      0.0
    ]
  ],
  "calibrated_intrinsic_camera_matrix_north_driving_direction": [
    [
      2718.6074235475235,
      9.752400638514933,
      1115.1472189669626,
      0.0
    ],
    [
      1.4200331007410827,
      2811.25293303637,
      607.569695861973,
      0.0
    ],
    [
      -0.008003380459616365,
      0.028283173556455727,
      1.002830015061362,
      0.0
    ]
  ],
  "dist_coefficients": [
    -0.21675155648951847,
    0.052494576884161384,
    -0.0017914057577082473,
    -0.0004466871752013924,
    1.3218846850012242
  ],
  "transformation_hd_map_origin_to_sensor_station_base": [
    [
      1.00000000,
      0.00000000,
      0.00000000,
      72.03799435
    ],
    [
      0.00000000,
      1.00000000,
      0.00000000,
      -1449.79882265
    ],
    [
      0.00000000,
      0.00000000,
      1.00000000,
      9.00000000
    ],
    [
      0.00000000,
      0.00000000,
      0.00000000,
      1.00000000
    ]
  ],
  "transformation_sensor_station_base_to_hd_map_origin": [
    [
      1.00000000,
      0.00000000,
      0.00000000,
      -72.03799435
    ],
    [
      0.00000000,
      1.00000000,
      0.00000000,
      1449.79882265
    ],
    [
      0.00000000,
      0.00000000,
      1.00000000,
      -9.00000000
    ],
    [
      0.00000000,
      0.00000000,
      0.00000000,
      1.00000000
    ]
  ],
  "transformation_hd_map_origin_to_sensor": [
    [
      0.41434981,
      -0.89108260,
      0.18516489,
      84.81000000
    ],
    [
      0.89454749,
      0.43621548,
      0.09747225,
      -1451.47000000
    ],
    [
      -0.16762761,
      0.12525118,
      0.97786151,
      14.03400000
    ],
    [
      0.00000000,
      0.00000000,
      0.00000000,
      1.00000000
    ]
  ],
  "transformation_sensor_to_hd_map_origin": [
    [
      0.41434981,
      0.89454749,
      -0.16762761,
      1265.62032816
    ],
    [
      -0.89108260,
      0.43621548,
      0.12525118,
      706.96862136
    ],
    [
      0.18516489,
      0.09747225,
      0.97786151,
      112.05089702
    ],
    [
      0.00000000,
      0.00000000,
      0.00000000,
      1.00000000
    ]
  ],
  "transformation_common_road_to_sensor": [
    [
      -0.98921374,
      -0.14476146,
      0.02236711,
      443.01048385
    ],
    [
      0.14647730,
      -0.97838569,
      0.14596518,
      -13.72152623
    ],
    [
      0.00075353,
      0.14766704,
      0.98903684,
      10.34400000
    ],
    [
      0.00000000,
      0.00000000,
      0.00000000,
      1.00000000
    ]
  ],
  "transformation_common_road_to_sensor_south_driving_direction": [
    [
      0.17398056,
      0.98427929,
      -0.03041425,
      -62.28542027
    ],
    [
      0.21479359,
      -0.06807218,
      -0.97428430,
      -86.68082229
    ],
    [
      -0.96103822,
      0.16297374,
      -0.22326013,
      421.66626993
    ],
    [
      0.00000000,
      0.00000000,
      0.00000000,
      1.00000000
    ]
  ],
  "transformation_common_road_to_sensor_north_driving_direction": [
    [
      0.23545013,
      0.97188603,
      -0.00087689,
      -89.34276807
    ],
    [
      0.21420682,
      -0.05277400,
      -0.97536165,
      -86.24925634
    ],
    [
      -0.94798664,
      0.22946119,
      -0.22061026,
      416.09696482
    ],
    [
      0.00000000,
      0.00000000,
      0.00000000,
      1.00000000
    ]
  ],
  "transformation_sensor_to_common_road": [
    [
      -0.98921374,
      0.14647730,
      0.00075353,
      440.23415707
    ],
    [
      -0.14476146,
      -0.97838569,
      0.14766704,
      49.17843198
    ],
    [
      0.02236711,
      0.14596518,
      0.98903684,
      -18.13659828
    ],
    [
      0.00000000,
      0.00000000,
      0.00000000,
      1.00000000
    ]
  ],
  "transformation_sensor_south_driving_direction_to_common_road": [
    [
      0.17398057,
      0.21479360,
      -0.96103823,
      434.69234527
    ],
    [
      0.98427930,
      -0.06807218,
      0.16297375,
      -13.31483458
    ],
    [
      -0.03041425,
      -0.97428430,
      -0.22326013,
      7.79513598
    ],
    [
      0.00000000,
      0.00000000,
      0.00000000,
      1.00000000
    ]
  ],
  "transformation_sensor_north_driving_direction_to_common_road": [
    [
      0.23545013,
      0.21420682,
      -0.94798665,
      433.96531263
    ],
    [
      0.97188604,
      -0.05277400,
      0.22946119,
      -13.19883273
    ],
    [
      -0.00087689,
      -0.97536165,
      -0.22061026,
      7.59269834
    ],
    [
      0.00000000,
      0.00000000,
      0.00000000,
      1.00000000
    ]
  ],
  "transformation_sensor_to_sensor_station_base": [
    [
      0.41434981,
      0.89454750,
      -0.16762762,
      -2.44873408
    ],
    [
      -0.89108260,
      0.43621548,
      0.12525118,
      11.10238491
    ],
    [
      0.18516489,
      0.09747224,
      0.97786150,
      -10.06795150
    ],
    [
      0.00000000,
      0.00000000,
      0.00000000,
      1.00000000
    ]
  ],
  "transformation_sensor_station_base_to_sensor": [
    [
      0.41434981,
      -0.89108260,
      0.18516489,
      12.77200565
    ],
    [
      0.89454749,
      0.43621548,
      0.09747225,
      -1.67117735
    ],
    [
      -0.16762761,
      0.12525118,
      0.97786151,
      8.04400000
    ],
    [
      0.00000000,
      0.00000000,
      0.00000000,
      1.00000000
    ]
  ],
  "transformation_sensor_station_base_to_common_road": [
    [
      -0.28986711,
      0.95706691,
      0.00000000,
      154.84412690
    ],
    [
      -0.95706691,
      -0.28986711,
      -0.00000000,
      418.10175657
    ],
    [
      0.00000000,
      0.00000000,
      1.00000000,
      -2.30000000
    ],
    [
      0.00000000,
      0.00000000,
      0.00000000,
      1.00000000
    ]
  ],
  "transformation_common_road_to_sensor_station_base": [
    [
      -0.28986711,
      -0.95706690,
      -0.00000000,
      445.03557161
    ],
    [
      0.95706690,
      -0.28986711,
      0.00000000,
      -27.00224065
    ],
    [
      0.00000000,
      0.00000000,
      1.00000000,
      2.30000000
    ],
    [
      0.00000000,
      0.00000000,
      0.00000000,
      1.00000000
    ]
  ],
  "transformation_common_road_to_global_map": [
    [
      -0.28401534,
      -0.95881973,
      -0.00000000,
      -0.00099018
    ],
    [
      0.95881973,
      -0.28401534,
      0.00000000,
      -27.00224047
    ],
    [
      0.00000000,
      0.00000000,
      1.00000000,
      0.00000000
    ],
    [
      0.00000000,
      0.00000000,
      0.00000000,
      1.00000000
    ]
  ],
  "transformation_global_map_to_common_road": [
    [
      -0.28401534,
      0.95881974,
      0.00000000,
      25.89000000
    ],
    [
      -0.95881974,
      -0.28401534,
      -0.00000000,
      -7.67000000
    ],
    [
      0.00000000,
      0.00000000,
      1.00000000,
      0.00000000
    ],
    [
      0.00000000,
      0.00000000,
      0.00000000,
      1.00000000
    ]
  ],
  "projection_common_road_to_sensor": [
    [
      2.62399313e+03,
      -1.28155722e+03,
      2.72373049e+02,
      -1.41738670e+04
    ],
    [
      1.32951648e+03,
      2.43708578e+03,
      6.21959149e+02,
      2.83452918e+04
    ],
    [
      1.90461020e-01,
      -1.11116240e-01,
      9.75385970e-01,
      -8.94688785e+00
    ]
  ]
}