{
    "image_width": 1920,
    "image_height": 1200,
    "gps_position": {
        "latitude": 48.23780600,
        "longitude": 11.63747100,
        "altitude": 543.08000000
    },
    "utm_position": {
        "north": 5346095.10000000,
        "east": 695829.86000000,
        "zone": "32U"
    },
    "translation_sensor_station_base_to_sensor": {
        "x": 13.36200565,
        "y": -1.65117735,
        "z": 8.26000000
    },
    "rotation_sensor_station_base_to_sensor": {
        "roll": -0.23000000,
        "pitch": 3.22000000,
        "yaw": 69.12
    },
    "rotation_quaternion_sensor_station_base_to_sensor": [
        -0.00188736,
        0.02642301,
        0.56719203,
        0.82315944
    ],
    "rotation_matrix_sensor_station_base_to_sensor": [
        [
            0.35519004,
            -0.93387869,
            0.04135971
        ],
        [
            0.93367921,
            0.35657927,
            0.03308103
        ],
        [
            -0.04564169,
            0.02686665,
            0.99859653
        ]
    ],
    "intrinsic_camera_matrix": [
        [
            15331.373201139475,
            0.0,
            958.6057656556126,
            0.0
        ],
        [
            0.0,
            15345.40269814499,
            598.3364247894727,
            0.0
        ],
        [
            0.0,
            0.0,
            1.0,
            0.0
        ]
    ],
    "optimal_intrinsic_camera_matrix": [
        [
            15443.32421875,
            0.0,
            952.5494773739774,
            0.0
        ],
        [
            0.0,
            15510.34375,
            598.1747600903036,
            0.0
        ],
        [
            0.0,
            0.0,
            1.0,
            0.0
        ]
    ],
    "calibrated_intrinsic_camera_matrix_south_driving_direction": [
        [
            8590.400984446662,
            0.0,
            1515.9529761699896,
            0.0
        ],
        [
            0.0,
            9181.924496890877,
            577.4243456645955,
            0.0
        ],
        [
            0.0,
            0.0,
            1.0,
            0.0
        ]
    ],
    "calibrated_intrinsic_camera_matrix_north_driving_direction": [
        [
            8589.948546792642,
            0.0,
            924.8128225295598,
            0.0
        ],
        [
            0.0,
            8452.657625122096,
            542.8540364254296,
            0.0
        ],
        [
            0.0,
            0.0,
            1.0,
            0.0
        ]
    ],
    "dist_coefficients": [
        3.427766748989152,
        -408.17098568268386,
        -0.0012302663776519998,
        -0.032825209115965065,
        -1.1269772923398047
    ],
    "transformation_hd_map_origin_to_sensor_station_base": [
        [
            1.00000000,
            0.00000000,
            0.00000000,
            72.03799435
        ],
        [
            0.00000000,
            1.00000000,
            0.00000000,
            -1449.79882265
        ],
        [
            0.00000000,
            0.00000000,
            1.00000000,
            9.00000000
        ],
        [
            0.00000000,
            0.00000000,
            0.00000000,
            1.00000000
        ]
    ],
    "transformation_sensor_station_base_to_hd_map_origin": [
        [
            1.00000000,
            0.00000000,
            0.00000000,
            -72.03799435
        ],
        [
            0.00000000,
            1.00000000,
            0.00000000,
            1449.79882265
        ],
        [
            0.00000000,
            0.00000000,
            1.00000000,
            -9.00000000
        ],
        [
            0.00000000,
            0.00000000,
            0.00000000,
            1.00000000
        ]
    ],
    "transformation_hd_map_origin_to_sensor": [
        [
            0.35519004,
            -0.93387869,
            0.04135971,
            85.40000000
        ],
        [
            0.93367921,
            0.35657927,
            0.03308103,
            -1451.45000000
        ],
        [
            -0.04564169,
            0.02686665,
            0.99859653,
            14.25000000
        ],
        [
            0.00000000,
            0.00000000,
            0.00000000,
            1.00000000
        ]
    ],
    "transformation_sensor_to_hd_map_origin": [
        [
            0.35519004,
            0.93367921,
            -0.04564169,
            1325.50585534
        ],
        [
            -0.93387869,
            0.35657927,
            0.02686665,
            596.92737211
        ],
        [
            0.04135971,
            0.03308103,
            0.99859653,
            30.25334503
        ],
        [
            0.00000000,
            0.00000000,
            0.00000000,
            1.00000000
        ]
    ],
    "transformation_common_road_to_sensor": [
        [
            -0.99756016,
            -0.06979931,
            -0.00133367,
            442.82373840
        ],
        [
            0.06970379,
            -0.99689494,
            0.03663143,
            -14.65944564
        ],
        [
            -0.00388637,
            0.03644910,
            0.99932795,
            10.56000000
        ],
        [
            0.00000000,
            0.00000000,
            0.00000000,
            1.00000000
        ]
    ],
    "transformation_common_road_to_sensor_south_driving_direction": [
        [
            0.11343648,
            0.99343982,
            -0.01447300,
            -36.49433400
        ],
        [
            0.05699220,
            -0.02104935,
            -0.99815270,
            -17.35959355
        ],
        [
            -0.99190929,
            0.11240208,
            -0.05900609,
            434.36572859
        ],
        [
            0.00000000,
            0.00000000,
            0.00000000,
            1.00000000
        ]
    ],
    "transformation_common_road_to_sensor_north_driving_direction": [
        [
            0.04551547,
            0.99895316,
            0.00457355,
            -6.72459965
        ],
        [
            0.05805877,
            0.00192527,
            -0.99831131,
            -17.13159961
        ],
        [
            -0.99727504,
            0.04570415,
            -0.05791036,
            435.22684856
        ],
        [
            0.00000000,
            0.00000000,
            0.00000000,
            1.00000000
        ]
    ],
    "transformation_sensor_to_common_road": [
        [
            -0.99756016,
            0.06970379,
            -0.00388637,
            442.80617939
        ],
        [
            -0.06979931,
            -0.99689494,
            0.03644910,
            15.90996307
        ],
        [
            -0.00133367,
            0.03663143,
            0.99932795,
            -9.42532810
        ],
        [
            0.00000000,
            0.00000000,
            0.00000000,
            1.00000000
        ]
    ],
    "transformation_sensor_south_driving_direction_to_common_road": [
        [
            0.11343648,
            0.05699220,
            -0.99190930,
            435.98055740
        ],
        [
            0.99343984,
            -0.02104935,
            0.11240209,
            -12.93409654
        ],
        [
            -0.01447300,
            -0.99815270,
            -0.05900609,
            7.77451438
        ],
        [
            0.00000000,
            0.00000000,
            0.00000000,
            1.00000000
        ]
    ],
    "transformation_sensor_north_driving_direction_to_common_road": [
        [
            0.04551547,
            0.05805877,
            -0.99727505,
            435.34159173
        ],
        [
            0.99895317,
            0.00192527,
            0.04570415,
            -13.14112871
        ],
        [
            0.00457355,
            -0.99831131,
            -0.05791036,
            8.13223035
        ],
        [
            0.00000000,
            0.00000000,
            0.00000000,
            1.00000000
        ]
    ],
    "transformation_sensor_to_sensor_station_base": [
        [
            0.35519004,
            0.93367921,
            -0.04564168,
            -2.82738110
        ],
        [
            -0.93387869,
            0.35657927,
            0.02686665,
            12.84534943
        ],
        [
            0.04135971,
            0.03308104,
            0.99859652,
            -8.74643332
        ],
        [
            0.00000000,
            0.00000000,
            0.00000000,
            1.00000000
        ]
    ],
    "transformation_sensor_station_base_to_sensor": [
        [
            0.35519004,
            -0.93387869,
            0.04135971,
            13.36200565
        ],
        [
            0.93367921,
            0.35657927,
            0.03308103,
            -1.65117735
        ],
        [
            -0.04564169,
            0.02686665,
            0.99859653,
            8.26000000
        ],
        [
            0.00000000,
            0.00000000,
            0.00000000,
            1.00000000
        ]
    ],
    "transformation_sensor_station_base_to_common_road": [
        [
            -0.28986711,
            0.95706691,
            0.00000000,
            154.84412690
        ],
        [
            -0.95706691,
            -0.28986711,
            -0.00000000,
            418.10175657
        ],
        [
            0.00000000,
            0.00000000,
            1.00000000,
            -2.30000000
        ],
        [
            0.00000000,
            0.00000000,
            0.00000000,
            1.00000000
        ]
    ],
    "transformation_common_road_to_sensor_station_base": [
        [
            -0.28986711,
            -0.95706690,
            -0.00000000,
            445.03557161
        ],
        [
            0.95706690,
            -0.28986711,
            0.00000000,
            -27.00224065
        ],
        [
            0.00000000,
            0.00000000,
            1.00000000,
            2.30000000
        ],
        [
            0.00000000,
            0.00000000,
            0.00000000,
            1.00000000
        ]
    ],
    "transformation_common_road_to_global_map": [
        [
            -0.28401534,
            -0.95881973,
            -0.00000000,
            -0.00099018
        ],
        [
            0.95881973,
            -0.28401534,
            0.00000000,
            -27.00224047
        ],
        [
            0.00000000,
            0.00000000,
            1.00000000,
            0.00000000
        ],
        [
            0.00000000,
            0.00000000,
            0.00000000,
            1.00000000
        ]
    ],
    "transformation_global_map_to_common_road": [
        [
            -0.28401534,
            0.95881974,
            0.00000000,
            25.89000000
        ],
        [
            -0.95881974,
            -0.28401534,
            -0.00000000,
            -7.67000000
        ],
        [
            0.00000000,
            0.00000000,
            1.00000000,
            0.00000000
        ],
        [
            0.00000000,
            0.00000000,
            0.00000000,
            1.00000000
        ]
    ],
    "projection_common_road_to_sensor": [
        [
            8.48348749e+03,
            -3.23088465e+03,
            7.13525485e+02,
            -3.50570770e+04
        ],
        [
            3.24100932e+03,
            8.41409835e+03,
            5.20527137e+02,
            1.13481157e+05
        ],
        [
            5.39115800e-02,
            -1.62688800e-02,
            9.98413170e-01,
            -8.37526007e+00
        ]
    ]
}