{
    "image_width": 1920,
    "image_height": 1200,
    "gps_position": {
        "latitude": 48.24152900,
        "longitude": 11.63942900,
        "altitude": 540.58360000
    },
    "utm_position": {
        "north": 5346513.86000000,
        "east": 695961.00000000,
        "zone": "32U"
    },
    "translation_sensor_station_base_to_sensor": {
        "x": -7.93947823,
        "y": -18.18550115,
        "z": 8.06360000
    },
    "rotation_sensor_station_base_to_sensor": {
        "roll": 0.50000000,
        "pitch": 11.20000000,
        "yaw": 163.82000000
    },
    "rotation_quaternion_sensor_station_base_to_sensor": [
        -0.09599975,
        0.01803183,
        0.98525383,
        0.14047701
    ],
    "rotation_matrix_sensor_station_base_to_sensor": [
        [
            -0.94210052,
            -0.28027313,
            -0.18410212
        ],
        [
            0.27334893,
            -0.95988212,
            0.06250337
        ],
        [
            -0.19423435,
            0.00856034,
            0.98091780
        ]
    ],
    "intrinsic_camera_matrix": [
        [
            2788.86072,
            0,
            907.839058,
            0
        ],
        [
            0,
            2783.31261,
            589.071478,
            0
        ],
        [
            0,
            0,
            1,
            0
        ]
    ],
    "optimal_intrinsic_camera_matrix": [
        [
            2720.957275390625,
            0.0,
            1019.5563410785253,
            0.0
        ],
        [
            0.0,
            2763.48876953125,
            579.4296049898549,
            0.0
        ],
        [
            0.0,
            0.0,
            1.0,
            0.0
        ]
    ],
    "calibrated_intrinsic_camera_matrix_south_driving_direction": [
        [
            2775.6661931781236,
            15.387120114883361,
            987.7409368462365,
            0.0
        ],
        [
            -19.82599415864596,
            2815.9258788757297,
            520.903096872571,
            0.0
        ],
        [
            0.007004513797058531,
            -0.002346265350812572,
            1.0020454426073808,
            0.0
        ]
    ],
    "calibrated_intrinsic_camera_matrix_north_driving_direction": [
        [
            2736.9894824187577,
            14.88089374998076,
            584.9729984598437,
            0.0
        ],
        [
            -19.549734627339404,
            2723.283726812486,
            524.0326561108069,
            0.0
        ],
        [
            0.006906911443142684,
            -0.0022690747283458036,
            1.0010288262724774,
            0.0
        ]
    ],
    "dist_coefficients": [
        -0.21675155648951847,
        0.052494576884161384,
        -0.0017914057577082473,
        -0.0004466871752013924,
        1.3218846850012242
    ],
    "transformation_hd_map_origin_to_sensor_station_base": [
        [
            1.00000000,
            0.00000000,
            0.00000000,
            198.35449885
        ],
        [
            0.00000000,
            1.00000000,
            0.00000000,
            -1024.75052177
        ],
        [
            0.00000000,
            0.00000000,
            1.00000000,
            7.00000000
        ],
        [
            0.00000000,
            0.00000000,
            0.00000000,
            1.00000000
        ]
    ],
    "transformation_sensor_station_base_to_hd_map_origin": [
        [
            1.00000000,
            0.00000000,
            0.00000000,
            -198.35449885
        ],
        [
            0.00000000,
            1.00000000,
            0.00000000,
            1024.75052177
        ],
        [
            0.00000000,
            0.00000000,
            1.00000000,
            -7.00000000
        ],
        [
            0.00000000,
            0.00000000,
            0.00000000,
            1.00000000
        ]
    ],
    "transformation_hd_map_origin_to_sensor": [
        [
            -0.27450017,
            0.96075957,
            -0.03988361,
            216.54000000
        ],
        [
            -0.96053843,
            -0.27202837,
            0.05802138,
            -1032.69000000
        ],
        [
            0.04489512,
            0.05423662,
            0.99751833,
            12.03360000
        ],
        [
            0.00000000,
            0.00000000,
            0.00000000,
            1.00000000
        ]
    ],
    "transformation_sensor_to_hd_map_origin": [
        [
            -0.27450017,
            -0.96053843,
            0.04489512,
            -933.03841901
        ],
        [
            0.96075957,
            -0.27202837,
            0.05423662,
            -489.61651875
        ],
        [
            -0.03988361,
            0.05802138,
            0.99751833,
            56.55075986
        ],
        [
            0.00000000,
            0.00000000,
            0.00000000,
            1.00000000
        ]
    ],
    "transformation_common_road_to_sensor": [
        [
            0.98093978,
            -0.00469924,
            0.19425516,
            2.44756703
        ],
        [
            0.00639966,
            0.99994650,
            -0.00812689,
            -7.31068961
        ],
        [
            -0.19420658,
            0.00921515,
            0.98091737,
            8.06360000
        ],
        [
            0.00000000,
            0.00000000,
            0.00000000,
            1.00000000
        ]
    ],
    "transformation_common_road_to_sensor_south_driving_direction": [
        [
            -0.01554313,
            -0.99982713,
            0.01020310,
            -4.31712286
        ],
        [
            -0.19448541,
            -0.00698632,
            -0.98088053,
            6.76617585
        ],
        [
            0.98078225,
            -0.01723031,
            -0.19434320,
            7.87774436
        ],
        [
            0.00000000,
            0.00000000,
            0.00000000,
            1.00000000
        ]
    ],
    "transformation_common_road_to_sensor_north_driving_direction": [
        [
            0.12796430,
            -0.99132246,
            -0.03008176,
            -3.37599505
        ],
        [
            -0.19846596,
            0.00412231,
            -0.98009911,
            6.91021973
        ],
        [
            0.97171827,
            0.13138790,
            -0.19621626,
            7.27358529
        ],
        [
            0.00000000,
            0.00000000,
            0.00000000,
            1.00000000
        ]
    ],
    "transformation_sensor_to_common_road": [
        [
            0.98093978,
            0.00639966,
            -0.19420658,
            -0.78812578
        ],
        [
            -0.00469924,
            0.99994650,
            0.00921515,
            7.24749287
        ],
        [
            0.19425516,
            -0.00812689,
            0.98091737,
            -8.44459098
        ],
        [
            0.00000000,
            0.00000000,
            0.00000000,
            1.00000000
        ]
    ],
    "transformation_sensor_south_driving_direction_to_common_road": [
        [
            -0.01554313,
            -0.19448541,
            0.98078226,
            -6.47753107
        ],
        [
            -0.99982715,
            -0.00698632,
            -0.01723031,
            -4.13337003
        ],
        [
            0.01020310,
            -0.98088053,
            -0.19434320,
            8.21184424
        ],
        [
            0.00000000,
            0.00000000,
            0.00000000,
            1.00000000
        ]
    ],
    "transformation_sensor_north_driving_direction_to_common_road": [
        [
            0.12796430,
            -0.19846596,
            0.97171828,
            -5.26442549
        ],
        [
            -0.99132247,
            0.00412231,
            0.13138791,
            -4.33084698
        ],
        [
            -0.03008176,
            -0.98009911,
            -0.19621626,
            8.09834004
        ],
        [
            0.00000000,
            0.00000000,
            0.00000000,
            1.00000000
        ]
    ],
    "transformation_sensor_to_sensor_station_base": [
        [
            -0.28850612,
            -0.95154362,
            -0.10643757,
            -1.44986152
        ],
        [
            0.95280956,
            -0.27435583,
            -0.12993389,
            -18.45782663
        ],
        [
            0.09443600,
            -0.13890146,
            0.98579319,
            -10.76921301
        ],
        [
            0.00000000,
            0.00000000,
            0.00000000,
            1.00000000
        ]
    ],
    "transformation_sensor_station_base_to_sensor": [
        [
            -0.28850612,
            0.95280956,
            0.09443600,
            18.18550115
        ],
        [
            -0.95154362,
            -0.27435583,
            -0.13890146,
            -7.93947823
        ],
        [
            -0.10643757,
            -0.12993389,
            0.98579320,
            8.06360000
        ],
        [
            0.00000000,
            0.00000000,
            0.00000000,
            1.00000000
        ]
    ],
    "transformation_sensor_station_base_to_common_road": [
        [
            -0.28401534,
            0.95881974,
            0.00000000,
            25.89028140
        ],
        [
            -0.95881974,
            -0.28401534,
            -0.00000000,
            -7.66905065
        ],
        [
            0.00000000,
            0.00000000,
            1.00000000,
            0.00000000
        ],
        [
            0.00000000,
            0.00000000,
            0.00000000,
            1.00000000
        ]
    ],
    "transformation_common_road_to_sensor_station_base": [
        [
            -0.28401534,
            -0.95881973,
            -0.00000000,
            -0.00000000
        ],
        [
            0.95881973,
            -0.28401534,
            0.00000000,
            -27.00224065
        ],
        [
            0.00000000,
            0.00000000,
            1.00000000,
            0.00000000
        ],
        [
            0.00000000,
            0.00000000,
            0.00000000,
            1.00000000
        ]
    ],
    "transformation_common_road_to_global_map": [
        [
            [
                -0.28401534,
                -0.95881973,
                -0.00000000,
                -0.00099018
            ],
            [
                0.95881973,
                -0.28401534,
                0.00000000,
                -27.00224047
            ],
            [
                0.00000000,
                0.00000000,
                1.00000000,
                0.00000000
            ],
            [
                0.00000000,
                0.00000000,
                0.00000000,
                1.00000000
            ]
        ]
    ],
    "transformation_global_map_to_common_road": [
        [
            [
                -0.28401534,
                0.95881974,
                0.00000000,
                25.89000000
            ],
            [
                -0.95881974,
                -0.28401534,
                -0.00000000,
                -7.67000000
            ],
            [
                0.00000000,
                0.00000000,
                1.00000000,
                0.00000000
            ],
            [
                0.00000000,
                0.00000000,
                0.00000000,
                1.00000000
            ]
        ]
    ],
    "projection_common_road_to_sensor": [
        [
            -2.81294623e+03,
            8.25420679e+02,
            4.57143564e+02,
            -1.10088595e+04
        ],
        [
            -8.89346854e+02,
            -2.64352234e+03,
            5.93356081e+02,
            -5.99193147e+04
        ],
        [
            -1.84102120e-01,
            6.25033700e-02,
            9.80917800e-01,
            -8.23474844e+00
        ]
    ]
}