{
    "image_width": 1920,
    "image_height": 1200,
    "gps_position": {
        "latitude": 48.24152700,
        "longitude": 11.63943900,
        "altitude": 540.88750000
    },
    "utm_position": {
        "north": 5346513.66000000,
        "east": 695961.75000000,
        "zone": "32U"
    },
    "translation_sensor_station_base_to_sensor": {
        "x": 18.93550115,
        "y": -8.13947823,
        "z": 8.36750000
    },
    "rotation_sensor_station_base_to_sensor": {
        "roll": 0.50000000,
        "pitch": 3.35000000,
        "yaw": 167.85000000
    },
    "rotation_quaternion_sensor_station_base_to_sensor": [
        0.00380739,
        0.02550950,
        -0.77784930,
        0.62792136
    ],
    "rotation_matrix_sensor_station_base_to_sensor": [
        [
            -0.21140054,
            0.97705063,
            0.02611277
        ],
        [
            -0.97666213,
            -0.21012806,
            -0.04446657
        ],
        [
            -0.03795906,
            -0.03490361,
            0.99866954
        ]
    ],
    "intrinsic_camera_matrix": [
        [
            15331.373201139475,
            0.0,
            958.6057656556126,
            0.0
        ],
        [
            0.0,
            15345.40269814499,
            598.3364247894727,
            0.0
        ],
        [
            0.0,
            0.0,
            1.0,
            0.0
        ]
    ],
    "optimal_intrinsic_camera_matrix": [
        [
            15443.32421875,
            0.0,
            952.5494773739774,
            0.0
        ],
        [
            0.0,
            15510.34375,
            598.1747600903036,
            0.0
        ],
        [
            0.0,
            0.0,
            1.0,
            0.0
        ]
    ],
    "calibrated_intrinsic_camera_matrix_south_driving_direction": [
        [
            8697.176439045079,
            59.40727197103036,
            859.4275813762999,
            0.0
        ],
        [
            15.42748747199341,
            8736.081847978587,
            538.9435012426293,
            0.0
        ],
        [
            0.02440288904795938,
            0.05035489385556351,
            1.0054988901545525,
            0.0
        ]
    ],
    "calibrated_intrinsic_camera_matrix_north_driving_direction": [
        [
            8691.645354601766,
            58.037944039220235,
            633.1062677841009,
            0.0
        ],
        [
            15.41767615718868,
            8534.716585913531,
            536.2621862107717,
            0.0
        ],
        [
            0.024387369707753848,
            0.04919422176320785,
            1.0048507708964172,
            0.0
        ]
    ],
    "dist_coefficients": [
        3.427766748989152,
        -408.17098568268386,
        -0.0012302663776519998,
        -0.032825209115965065,
        -1.1269772923398047
    ],
    "transformation_hd_map_origin_to_sensor_station_base": [
        [
            1.00000000,
            0.00000000,
            0.00000000,
            198.35449885
        ],
        [
            0.00000000,
            1.00000000,
            0.00000000,
            -1024.75052177
        ],
        [
            0.00000000,
            0.00000000,
            1.00000000,
            7.00000000
        ],
        [
            0.00000000,
            0.00000000,
            0.00000000,
            1.00000000
        ]
    ],
    "transformation_sensor_station_base_to_hd_map_origin": [
        [
            1.00000000,
            0.00000000,
            0.00000000,
            -198.35449885
        ],
        [
            0.00000000,
            1.00000000,
            0.00000000,
            1024.75052177
        ],
        [
            0.00000000,
            0.00000000,
            1.00000000,
            -7.00000000
        ],
        [
            0.00000000,
            0.00000000,
            0.00000000,
            1.00000000
        ]
    ],
    "transformation_hd_map_origin_to_sensor": [
        [
            -0.21008763,
            0.97762772,
            -0.01035489,
            217.29000000
        ],
        [
            -0.97756676,
            -0.20988796,
            0.01761454,
            -1032.89000000
        ],
        [
            0.01504709,
            0.01382319,
            0.99979123,
            12.33750000
        ],
        [
            0.00000000,
            0.00000000,
            0.00000000,
            1.00000000
        ]
    ],
    "transformation_sensor_to_hd_map_origin": [
        [
            -0.21008763,
            -0.97756676,
            0.01504709,
            -964.25463251
        ],
        [
            0.97762772,
            -0.20988796,
            0.01382319,
            -429.39044985
        ],
        [
            -0.01035489,
            0.01761454,
            0.99979123,
            8.10896819
        ],
        [
            0.00000000,
            0.00000000,
            0.00000000,
            1.00000000
        ]
    ],
    "transformation_common_road_to_sensor": [
        [
            0.99541220,
            -0.07554980,
            0.05870936,
            2.42631947
        ],
        [
            0.07605964,
            0.99708211,
            -0.00649538,
            -6.53477174
        ],
        [
            -0.05804733,
            0.01093099,
            0.99825399,
            8.36750000
        ],
        [
            0.00000000,
            0.00000000,
            0.00000000,
            1.00000000
        ]
    ],
    "transformation_common_road_to_sensor_south_driving_direction": [
        [
            0.03343840,
            -0.99943664,
            0.00287487,
            -3.57083466
        ],
        [
            -0.06669619,
            -0.00510152,
            -0.99776029,
            7.80689922
        ],
        [
            0.99721286,
            0.03317176,
            -0.06682920,
            6.82910144
        ],
        [
            0.00000000,
            0.00000000,
            0.00000000,
            1.00000000
        ]
    ],
    "transformation_common_road_to_sensor_north_driving_direction": [
        [
            0.05965334,
            -0.99806246,
            -0.01768602,
            -3.44248986
        ],
        [
            -0.06774193,
            0.01362912,
            -0.99760978,
            7.94690737
        ],
        [
            0.99591792,
            0.06070884,
            -0.06679765,
            7.11976215
        ],
        [
            0.00000000,
            0.00000000,
            0.00000000,
            1.00000000
        ]
    ],
    "transformation_sensor_to_common_road": [
        [
            0.99541219,
            0.07605964,
            -0.05804733,
            -1.43244458
        ],
        [
            -0.07554980,
            0.99708212,
            0.01093099,
            6.60754690
        ],
        [
            0.05870936,
            -0.00649538,
            0.99825398,
            -8.53778367
        ],
        [
            0.00000000,
            0.00000000,
            0.00000000,
            1.00000000
        ]
    ],
    "transformation_sensor_south_driving_direction_to_common_road": [
        [
            0.03343840,
            -0.06669619,
            0.99721287,
            -6.16997441
        ],
        [
            -0.99943665,
            -0.00510152,
            0.03317176,
            -3.75552933
        ],
        [
            0.00287487,
            -0.99776029,
            -0.06682920,
            8.25606310
        ],
        [
            0.00000000,
            0.00000000,
            0.00000000,
            1.00000000
        ]
    ],
    "transformation_sensor_north_driving_direction_to_common_road": [
        [
            0.05965334,
            -0.06774193,
            0.99591793,
            -6.34700393
        ],
        [
            -0.99806247,
            0.01362912,
            0.06070884,
            -3.97636178
        ],
        [
            -0.01768602,
            -0.99760978,
            -0.06679765,
            8.34261201
        ],
        [
            0.00000000,
            0.00000000,
            0.00000000,
            1.00000000
        ]
    ],
    "transformation_sensor_to_sensor_station_base": [
        [
            -0.21140054,
            -0.97666214,
            -0.03795906,
            -3.62892260
        ],
        [
            0.97705063,
            -0.21012806,
            -0.03490361,
            -19.91922021
        ],
        [
            0.02611277,
            -0.04446657,
            0.99866954,
            -9.21276039
        ],
        [
            0.00000000,
            0.00000000,
            0.00000000,
            1.00000000
        ]
    ],
    "transformation_sensor_station_base_to_sensor": [
        [
            -0.21140054,
            0.97705063,
            0.02611277,
            18.93550115
        ],
        [
            -0.97666213,
            -0.21012806,
            -0.04446657,
            -8.13947823
        ],
        [
            -0.03795906,
            -0.03490361,
            0.99866954,
            8.36750000
        ],
        [
            0.00000000,
            0.00000000,
            0.00000000,
            1.00000000
        ]
    ],
    "transformation_sensor_station_base_to_common_road": [
        [
            -0.28401534,
            0.95881974,
            0.00000000,
            25.89028140
        ],
        [
            -0.95881974,
            -0.28401534,
            -0.00000000,
            -7.66905065
        ],
        [
            0.00000000,
            0.00000000,
            1.00000000,
            0.00000000
        ],
        [
            0.00000000,
            0.00000000,
            0.00000000,
            1.00000000
        ]
    ],
    "transformation_common_road_to_sensor_station_base": [
        [
            -0.28401534,
            -0.95881973,
            -0.00000000,
            -0.00000000
        ],
        [
            0.95881973,
            -0.28401534,
            0.00000000,
            -27.00224065
        ],
        [
            0.00000000,
            0.00000000,
            1.00000000,
            0.00000000
        ],
        [
            0.00000000,
            0.00000000,
            0.00000000,
            1.00000000
        ]
    ],
    "transformation_common_road_to_global_map": [
        [
            [
                -0.28401534,
                -0.95881973,
                -0.00000000,
                -0.00099018
            ],
            [
                0.95881973,
                -0.28401534,
                0.00000000,
                -27.00224047
            ],
            [
                0.00000000,
                0.00000000,
                1.00000000,
                0.00000000
            ],
            [
                0.00000000,
                0.00000000,
                0.00000000,
                1.00000000
            ]
        ]
    ],
    "transformation_global_map_to_common_road": [
        [
            [
                -0.28401534,
                0.95881974,
                0.00000000,
                25.89000000
            ],
            [
                -0.95881974,
                -0.28401534,
                -0.00000000,
                -7.67000000
            ],
            [
                0.00000000,
                0.00000000,
                1.00000000,
                0.00000000
            ],
            [
                0.00000000,
                0.00000000,
                0.00000000,
                1.00000000
            ]
        ]
    ],
    "projection_common_road_to_sensor": [
        [
            -1.50153370e+04,
            3.24127451e+03,
            6.10390976e+01,
            -6.13525960e+04
        ],
        [
            -3.27038131e+03,
            -1.49869835e+04,
            7.30974562e+02,
            -3.16521670e+05
        ],
        [
            -5.52874100e-02,
            2.08295600e-02,
            9.98253190e-01,
            -8.40847608e+00
        ]
    ]
}