{
  "image_width": 1920,
  "image_height": 1200,
  "gps_position": {
    "latitude": -1,
    "longitude": -1,
    "altitude": -1
  },
  "utm_position": {
    "north": -1,
    "east": -1,
    "zone": "32U"
  },
  "rotation_matrix": [
    [
      -0.23594311,
      0.97169613,
      -0.01172529
    ],
    [
      -0.21626590,
      -0.06426847,
      -0.97421693
    ],
    [
      -0.94739639,
      -0.22732399,
      0.22530844
    ]
  ],
  "translation_matrix": [
    675.055,
    -191.907,
    783.561
  ],
  "translation_sensor_station_base_to_sensor": {
    "x": -1,
    "y": -1,
    "z": -1
  },
  "rotation_sensor_station_base_to_sensor": {
    "roll": -1,
    "pitch": -1,
    "yaw": -1
  },
  "rotation_quaternion_sensor_station_base_to_sensor": [
    -1,
    -1,
    -1,
    -1
  ],
  "rotation_matrix_sensor_station_base_to_sensor": [
    [
      1,
      0,
      0
    ],
    [
      0,
      1,
      0
    ],
    [
      0,
      0,
      1
    ]
  ],
  "intrinsic_matrix": [
    [
      1400.3096617691212,
      0.0,
      967.7899705163408
    ],
    [
      0.0,
      1403.041082755918,
      581.7195041357244
    ],
    [
      0.0,
      0.0,
      1.0
    ]
  ],
  "optimal_intrinsic_camera_matrix": [
    [
      1315.158203125,
      0.0,
      962.7348338975571
    ],
    [
      0.0,
      1362.7757568359375,
      580.6482296623581
    ],
    [
      0.0,
      0.0,
      1.0
    ]
  ],
  "dist_coefficients": [
    -0.17018194636847647,
    0.12138270789030073,
    -0.00011663550730431874,
    -0.0023506235533554587,
    -0.030445936493878178
  ],
  "transformation_hd_map_origin_to_sensor_station_base": [
    [
      0.00000000,
      -1.00000000,
      -0.00000000,
      -433.63036414
    ],
    [
      1.00000000,
      0.00000000,
      0.00000000,
      -169.78483588
    ],
    [
      0.00000000,
      0.00000000,
      1.00000000,
      5.08000000
    ],
    [
      0.00000000,
      0.00000000,
      0.00000000,
      1.00000000
    ]
  ],
  "transformation_sensor_station_base_to_hd_map_origin": [
    [
      0.00000000,
      1.00000000,
      0.00000000,
      169.78483588
    ],
    [
      -1.00000000,
      -0.00000000,
      -0.00000000,
      -433.63036414
    ],
    [
      0.00000000,
      0.00000000,
      1.00000000,
      -5.08000000
    ],
    [
      0.00000000,
      0.00000000,
      0.00000000,
      1.00000000
    ]
  ],
  "projection_matrix": []
}