{
  "image_width": 1920,
  "image_height": 1200,
  "gps_position": {
    "latitude": -1,
    "longitude": -1,
    "altitude": -1
  },
  "utm_position": {
    "north": -1,
    "east": -1,
    "zone": "32U"
  },
  "rotation_matrix": [
    [
      -0.29298163,
      0.95605249,
      0.01119853
    ],
    [
      0.87735771,
      0.26417368,
      0.40056923
    ],
    [
      0.38000685,
      0.12718454,
      -0.91619806
    ]
  ],
  "translation_matrix": [
    236.433,
    312.179,
    -987.74
  ],
  "translation_sensor_station_base_to_sensor": {
    "x": -1,
    "y": -1,
    "z": -1
  },
  "rotation_sensor_station_base_to_sensor": {
    "roll": -1,
    "pitch": -1,
    "yaw": -1
  },
  "rotation_quaternion_sensor_station_base_to_sensor": [
    -1,
    -1,
    -1,
    -1
  ],
  "rotation_matrix_sensor_station_base_to_sensor": [
    [
      1,
      0,
      0
    ],
    [
      0,
      1,
      0
    ],
    [
      0,
      0,
      1
    ]
  ],
  "intrinsic_matrix": [
    [
      1400.3096617691212,
      0.0,
      967.7899705163408
    ],
    [
      0.0,
      1403.041082755918,
      581.7195041357244
    ],
    [
      0.0,
      0.0,
      1.0
    ]
  ],
  "optimal_intrinsic_camera_matrix": [
    [
      1315.158203125,
      0.0,
      962.7348338975571
    ],
    [
      0.0,
      1362.7757568359375,
      580.6482296623581
    ],
    [
      0.0,
      0.0,
      1.0
    ]
  ],
  "dist_coefficients": [
    -0.17018194636847647,
    0.12138270789030073,
    -0.00011663550730431874,
    -0.0023506235533554587,
    -0.030445936493878178
  ],
  "transformation_hd_map_origin_to_sensor_station_base": [
    [
      0.00000000,
      -1.00000000,
      -0.00000000,
      -433.63036414
    ],
    [
      1.00000000,
      0.00000000,
      0.00000000,
      -169.78483588
    ],
    [
      0.00000000,
      0.00000000,
      1.00000000,
      5.08000000
    ],
    [
      0.00000000,
      0.00000000,
      0.00000000,
      1.00000000
    ]
  ],
  "transformation_sensor_station_base_to_hd_map_origin": [
    [
      0.00000000,
      1.00000000,
      0.00000000,
      169.78483588
    ],
    [
      -1.00000000,
      -0.00000000,
      -0.00000000,
      -433.63036414
    ],
    [
      0.00000000,
      0.00000000,
      1.00000000,
      -5.08000000
    ],
    [
      0.00000000,
      0.00000000,
      0.00000000,
      1.00000000
    ]
  ],
  "projection_matrix": [
    [
      5.51420603e+02,
      1.60294495e+03,
      1.54878606e+02,
      -1.90787638e+03
    ],
    [
      -1.24021929e+03,
      7.31091314e+02,
      4.84028351e+02,
      -8.08630675e+03
    ],
    [
      1.47270550e-01,
      4.68952190e-01,
      8.70858900e-01,
      -7.98306176e+00
    ]
  ]
}