{
  "image_width": 1920,
  "image_height": 1200,
  "gps_position": {
    "latitude": -1,
    "longitude": -1,
    "altitude": -1
  },
  "utm_position": {
    "north": -1,
    "east": -1,
    "zone": "32U"
  },
  "translation_sensor_station_base_to_sensor": {
    "x": -1,
    "y": -1,
    "z": -1
  },
  "rotation_sensor_station_base_to_sensor": {
    "roll": -1,
    "pitch": -1,
    "yaw": -1
  },
  "rotation_quaternion_sensor_station_base_to_sensor": [
    -1,
    -1,
    -1,
    -1
  ],
  "rotation_matrix_sensor_station_base_to_sensor": [
    [
      -1,
      -1,
      -1
    ],
    [
      -1,
      -1,
      -1
    ],
    [
      -1,
      -1,
      -1
    ]
  ],
  "rotation_matrix": [
    [
      -1,
      -1,
      -1
    ],
    [
      -1,
      -1,
      -1
    ],
    [
      -1,
      -1,
      -1
    ]
  ],
  "translation_matrix": [
    -1,
    -1,
    -1
  ],
  "intrinsic_matrix": [
    [
      2788.86072,
      0,
      907.839058
    ],
    [
      0,
      2783.31261,
      589.071478
    ],
    [
      0,
      0,
      1
    ]
  ],
  "optimal_intrinsic_camera_matrix": [
    [
      2720.957275390625,
      0.0,
      1019.5563410785253
    ],
    [
      0.0,
      2763.48876953125,
      579.4296049898549
    ],
    [
      0.0,
      0.0,
      1.0
    ]
  ],
  "dist_coefficients": [
    -0.21675155648951847,
    0.052494576884161384,
    -0.0017914057577082473,
    -0.0004466871752013924,
    1.3218846850012242
  ],
  "transformation_hd_map_origin_to_sensor_station_base": [
    [
      0.00000000,
      -1.00000000,
      -0.00000000,
      -433.63036414
    ],
    [
      1.00000000,
      0.00000000,
      0.00000000,
      -169.78483588
    ],
    [
      0.00000000,
      0.00000000,
      1.00000000,
      5.08000000
    ],
    [
      0.00000000,
      0.00000000,
      0.00000000,
      1.00000000
    ]
  ],
  "transformation_sensor_station_base_to_hd_map_origin": [
    [
      0.00000000,
      1.00000000,
      0.00000000,
      169.78483588
    ],
    [
      -1.00000000,
      -0.00000000,
      -0.00000000,
      -433.63036414
    ],
    [
      0.00000000,
      0.00000000,
      1.00000000,
      -5.08000000
    ],
    [
      0.00000000,
      0.00000000,
      0.00000000,
      1.00000000
    ]
  ],
  "projection_matrix": [
    [
      -1,
      -1,
      -1,
      -1
    ],
    [
      -1,
      -1,
      -1,
      -1
    ],
    [
      -1,
      -1,
      -1,
      -1
    ]
  ]
}